相机内参数矩阵：
[624.0230752907638, 0, 642.7291961826339;
 0, 624.0840401901243, 361.6747000103983;
 0, 0, 1]
畸变系数：
[-0.08245923205168146, 0.1586313368720745, -0.006131344978265879, -0.003192591365506591, -0.1120019618846055]
第1幅图像的相机坐标系下旋转矩阵为：
[0.9999609253083485, -0.002455514094109164, 0.008492249819992753;
 0.002341077430222374, 0.9999066801272212, 0.0134592122141217;
 -0.008524506609607333, -0.01343880528516917, 0.9998733576306401]
第1幅图像的相机坐标系下平移矩阵为：
[-0.02504842009496595;
 -0.01700409816021202;
 0.1887807747711022]
第2幅图像的相机坐标系下旋转矩阵为：
[0.9720029060712455, -0.005012341999294985, 0.2349153613894492;
 0.02011802029307241, 0.997876458345333, -0.06195029571892539;
 -0.2341059927651169, 0.06494189947835589, 0.9700396558098036]
第2幅图像的相机坐标系下平移矩阵为：
[-0.04069741811931887;
 0.008541000964764293;
 0.1740308403318535]
第3幅图像的相机坐标系下旋转矩阵为：
[0.9636330323728554, 0.09160154533603732, 0.2510389129436819;
 -0.06396338570714349, 0.9911711561158139, -0.1161396769967962;
 -0.259461103460181, 0.09585873030710795, 0.9609844117440899]
第3幅图像的相机坐标系下平移矩阵为：
[-0.06089097104425421;
 -0.01537619019667256;
 0.1628817271220984]
第4幅图像的相机坐标系下旋转矩阵为：
[0.9679300655578436, 0.09071652397203628, 0.2342688636324074;
 -0.05024185822519267, 0.9835880232912689, -0.1732926891708179;
 -0.2461445588902345, 0.1559651009566084, 0.9566021866023131]
第4幅图像的相机坐标系下平移矩阵为：
[-0.06307294638119565;
 -0.01782793703487661;
 0.1487669658103392]
第5幅图像的相机坐标系下旋转矩阵为：
[0.9904191860129417, 0.06927165348918017, 0.1194624376125689;
 -0.05582241441439727, 0.9920859531015938, -0.1124691944820868;
 -0.1263079333470754, 0.1047229663511167, 0.9864478730739975]
第5幅图像的相机坐标系下平移矩阵为：
[-0.06523454001348747;
 -0.01158268607137244;
 0.144569390594589]
第6幅图像的相机坐标系下旋转矩阵为：
[0.902167893280191, 0.4312916981421898, 0.008975714345292964;
 -0.4230755639072041, 0.8886625902650208, -0.1768781159105471;
 -0.0842624445348179, 0.1557763517902829, 0.9841918352963139]
第6幅图像的相机坐标系下平移矩阵为：
[-0.07844797555684731;
 -0.004025336843297912;
 0.1374519398600436]
第7幅图像的相机坐标系下旋转矩阵为：
[0.9513444846821207, -0.3065293094067491, 0.03136006918888655;
 0.3050512658190191, 0.9226007513588179, -0.2361177223639912;
 0.04344417897859749, 0.2341957217089291, 0.9712182902139506]
第7幅图像的相机坐标系下平移矩阵为：
[-0.02254626201016694;
 -0.02283184438717728;
 0.1298728858344908]
第8幅图像的相机坐标系下旋转矩阵为：
[0.9242975196051412, -0.381580030998279, -0.008412799482703716;
 0.3618708093697604, 0.8831377334059647, -0.2985251432637624;
 0.1213408940871059, 0.2728817029005935, 0.954364691113525]
第8幅图像的相机坐标系下平移矩阵为：
[-0.02714263244352293;
 -0.01966301201850263;
 0.1233939116191212]
第9幅图像的相机坐标系下旋转矩阵为：
[0.871407798042318, -0.4871243689711445, 0.05795082972229913;
 0.473318731005253, 0.8038521156443185, -0.3602653953042537;
 0.1289101562741107, 0.3413672880177852, 0.931048090208431]
第9幅图像的相机坐标系下平移矩阵为：
[-0.02753121009925156;
 -0.0264145175093452;
 0.1027058873088301]
第10幅图像的相机坐标系下旋转矩阵为：
[0.7891522172067568, -0.6049044070851676, 0.1064398250966325;
 0.607260343981134, 0.7424601401790335, -0.2828211711899318;
 0.09205244540790088, 0.2878256391190192, 0.9532485241321665]
第10幅图像的相机坐标系下平移矩阵为：
[-0.006031978643992911;
 -0.02744957952447341;
 0.1079374573344385]
第11幅图像的相机坐标系下旋转矩阵为：
[0.6720568356407058, -0.7389854468036043, 0.04732989627158232;
 0.700187533802674, 0.6133702010378739, -0.3653962424356438;
 0.2409917574854602, 0.2787068457918386, 0.9296480338992998]
第11幅图像的相机坐标系下平移矩阵为：
[0.004550008163330403;
 -0.02834456098485131;
 0.1114314837897429]
第12幅图像的相机坐标系下旋转矩阵为：
[0.5829748067371532, -0.8124900224450631, -0.0005814954856254162;
 0.7835965143538695, 0.562432121377161, -0.2639064446648707;
 0.2147484048887091, 0.1533951507395435, 0.9645481067978663]
第12幅图像的相机坐标系下平移矩阵为：
[-0.007911556511259611;
 -0.03426725743433912;
 0.1235373586343032]
第13幅图像的相机坐标系下旋转矩阵为：
[0.6852103384865103, -0.7194508951450576, 0.1134777577597363;
 0.7176636297429266, 0.6403312366729187, -0.2737422544751507;
 0.1242807570600114, 0.2690098823759194, 0.955085324255736]
第13幅图像的相机坐标系下平移矩阵为：
[0.009883063456542808;
 -0.0274183506634771;
 0.1351741437524558]
第14幅图像的相机坐标系下旋转矩阵为：
[0.5392185200907679, -0.8354179422864789, 0.1063966601775992;
 0.8397786625301151, 0.5238760029986302, -0.1425683395474261;
 0.06336549179366656, 0.1662251340441767, 0.9840498052749882]
第14幅图像的相机坐标系下平移矩阵为：
[0.002548498409834016;
 -0.02639818027041102;
 0.1387160280841056]
第15幅图像的相机坐标系下旋转矩阵为：
[0.34464592706117, -0.9212517094277232, 0.1803176997320139;
 0.9387143800632533, 0.339423169829936, -0.06006017353505332;
 -0.005873467681789216, 0.1899663119058125, 0.9817730403297367]
第15幅图像的相机坐标系下平移矩阵为：
[-0.001421246490310007;
 -0.03729367155142287;
 0.1232455316775065]
相机与机械臂之间的相对位姿为：
[-0.626770206209182, 0.7787750593234608, -0.02585566831933829, -0.109524863793294;
 -0.7792038213408842, -0.6264553053028692, 0.01987851266197719, 0.07609852949091182;
 -0.0007165307132073448, 0.03260609503803011, 0.9994680230753299, 0.02765237100154579;
 0, 0, 0, 1]
