%YAML:1.0
---
camera_extrinsic_matrix: !!opencv-matrix
   rows: 4
   cols: 4
   dt: d
   data: [ -6.2677020620918200e-01, 7.7877505932346081e-01,
       -2.5855668319338294e-02, -1.0952486379329396e-01,
       -7.7920382134088417e-01, -6.2645530530286919e-01,
       1.9878512661977189e-02, 7.6098529490911823e-02,
       -7.1653071320734480e-04, 3.2606095038030108e-02,
       9.9946802307532989e-01, 2.7652371001545786e-02, 0., 0., 0., 1. ]
