%YAML:1.0
---
camera_intrinsic_matrix: !!opencv-matrix
   rows: 3
   cols: 3
   dt: d
   data: [ 6.2402307529076381e+02, 0., 6.4272919618263393e+02, 0.,
       6.2408404019012426e+02, 3.6167470001039828e+02, 0., 0., 1. ]
